euclidean
50
-22.7728912479 -4.48380777782
-43.2837595769 64.596232722
-60.0462919275 77.3193890612
-42.0957974867 40.8676374088
50.4334210983 -68.7401731976
28.1247961988 6.49443834763
9.71387036501 -67.8384328926
92.9857534939 -24.5658415458
99.2036752762 -68.7189220337
-48.0150877074 6.45987262349
15.7404423187 -18.3620430413
-55.1846114203 -86.515995694
61.7361715272 83.329931054
29.6312367319 51.4158741385
-71.1902015068 -12.5747357273
-86.4280727913 53.4714325598
83.7657237632 -54.393593337
-63.1394857577 -75.8030295977
78.4591909552 -64.120177918
42.7915517266 42.9544474059
14.3838832871 63.3053005702
-41.0138726057 55.066387749
-12.2957753962 95.4251083623
-56.78222554 68.4825777537
-10.8957824157 68.7967649471
-32.0094072881 88.6949827867
41.5740119254 32.8768728044
-90.5758248135 -36.5364747084
10.8437328578 34.725972286
-29.698316447 -43.8100083479
-93.9038066975 -45.0898125084
-74.5579295212 34.6470917138
-64.6629513193 -84.8693176323
-88.4820268326 -72.8730166674
-47.1166979312 11.7584296261
73.9767364847 -38.2475865489
48.1380960012 56.8816794669
-15.5731306629 90.8624685753
-41.1727682529 -19.6692975191
-14.61924089 83.1863667557
51.0634834782 13.0452792211
-18.6766291816 77.3161875444
26.0116560678 -65.653356956
42.7296316408 -57.4870796985
-36.3254156733 8.96974498841
22.64705693 79.3102702091
52.3015067117 40.0268372832
85.4494469455 -40.7183492932
-11.008473623 39.0560379084
-84.3201483651 99.0072985759
0.0 72.06072241560712 89.89476854243331 49.29633136478949 97.40659456268686 52.06819062933548 71.19830197080506 117.48766706645169 137.85656561972775 27.512408524617825 40.937541162661425 88.20317147840437 121.87302580454832 76.62223611762076 49.08868553741144 86.08595715861651 117.64974790901098 81.95055431977613 117.49225979049665 80.92641248346786 77.30452188888341 62.28129083586239 100.45676423646758 80.50297035834471 74.23683757477147 93.6354646468401 74.40661530778142 74.99740833828587 51.647693742521426 39.931335633428795 81.90515705908639 64.90699102549907 90.64550362449613 94.84078443274224 29.264845800338627 102.47186552075752 93.77681556451128 95.61772307934943 23.856960671473963 88.0485179710551 75.88859679635891 81.9024944530005 78.24094710225049 84.26106656743907 19.096308552569425 95.3122195636796 87.27750427660683 114.12719431796475 45.10121599726359 120.40960905579084 
72.06072241560712 0.0 21.044267581392972 23.75831411238565 162.97701401505307 92.05976508486954 142.6453274239635 162.84733857289618 195.12969937586556 58.32856788382 101.81322078703178 151.58013013400912 106.67772673948816 74.09668372534301 82.06173208375955 44.55550405273482 174.0693824959488 141.79634241434684 177.17014526236642 88.75430179808608 57.68209028205922 9.79644486893136 43.71126555966874 14.046788282787768 32.65923354226653 26.60565304997282 90.59226886392972 111.64391585095083 61.82247079972939 109.25418695839079 120.80321886758782 43.30155600937646 150.9868225450324 144.7089419855537 52.976644405112324 155.9707507798409 91.74677111082715 38.18106992619457 84.29196801102458 34.1650071702304 107.51233919390464 27.700327019282437 147.53579308302199 149.34067979058395 56.06000969898835 67.55276059817017 98.69244309309413 166.3231783203183 41.15817822164109 53.55470715058477 
89.89476854243331 21.044267581392972 0.0 40.631889559745 183.13700531978262 113.09427229061887 161.05053094426177 183.84615073938517 216.0734605679181 71.87364568996036 122.05968022606277 163.90750207124705 121.93069761198672 93.34372625838607 90.5822300023396 35.56294969258245 195.01334720792335 153.15365795183038 197.9619152660906 108.42772386434915 75.73800669879718 29.28188949909779 51.06788521581041 9.420369603502975 49.88394237688472 30.2567518562852 110.91358531032212 117.87794574450646 82.70184258315665 124.87325787555424 127.00529097364225 45.07230398542322 162.25439939435148 152.86055658053672 66.82375178749184 176.96863562912986 110.09796439973184 46.4895372701341 98.80797144185102 45.80434906457248 128.36098856911315 41.3696628697993 166.87473300904156 169.51600067475087 72.34883423482023 82.71731108425952 118.37551384126328 187.35505786080202 62.19961145788696 32.55127532792541 
49.29633136478949 23.75831411238565 40.631889559745 0.0 143.44172488465148 78.18215008064873 120.42114184506423 150.09518840859616 178.81486239540794 34.91321059770549 82.78396995221566 128.05431282337992 112.1789827503626 72.49850161133355 60.84875998497943 46.08911244423333 157.84747262637327 118.55328487986583 159.86227386506985 84.91299566276768 60.77337466727457 14.239911259252178 62.165576917046025 31.27740557038618 41.87454006287316 48.879343624220546 84.05051651246154 91.33296021843839 53.294595631980435 85.58037875023601 100.36310584404045 33.052763953586414 127.74606958769671 122.83573853975695 29.53904905395332 140.4708218969731 91.6439036543659 56.5944785187053 60.54397140450307 50.456278260919646 97.22517804055963 43.32383006018778 126.43317393047089 129.880729147601 32.41562658865608 75.29590436821752 94.40104864231022 151.40694370935856 31.140064189989012 71.85482591818288 
97.40659456268686 162.97701401505307 183.13700531978262 143.44172488465148 0.0 78.47242521597317 40.72953409381369 61.33573647709081 48.77025880785207 123.88363805430738 61.168282423559596 107.10344839693136 152.48956939530052 121.94345651101361 133.96589842878555 183.48499963625179 36.288658760619235 113.79230691157375 28.404016132536658 111.9557342848826 136.87796140716412 153.91774445863706 175.74183270496303 174.14154663004524 150.59110384709768 177.71507615327934 102.00251550361924 144.63984799842203 110.78170731767236 83.92025072334683 146.26200767290035 162.20901416243152 116.22101463970117 138.97691199973613 126.47549477761974 38.52383080527444 125.64282066303306 172.7132540840292 103.92133932601988 165.26803191775167 81.78787933397545 161.58174266569765 24.61607283291396 13.637466234838909 116.47286011105875 150.6353737560173 108.78305158805198 44.84801758233685 124.07711132900022 215.16909343479878 
52.06819062933548 92.05976508486954 113.09427229061887 78.18215008064873 78.47242521597317 0.0 76.57896536822936 71.91442670491833 103.48553826861267 76.13989175219983 27.770791995651205 124.86552061498227 83.86547257900543 44.94668793793393 101.12913610411368 123.81113754049865 82.48190845668519 122.89036736561711 86.71779128780595 39.29943992279027 58.44900986432617 84.49490986273334 97.685652361649 105.12721706371448 73.51316518224533 101.84818081379582 29.612737994394777 126.25964084827147 33.1006745959382 76.6423493468042 132.48363997563237 106.47212805628476 130.21866992189112 141.0544011827343 75.42540714566981 64.06441461394121 54.21629124708034 95.01301666876081 74.07221822949711 87.79922886676692 23.855751722705605 84.88871289468088 72.17873459948441 65.6272494454531 64.49772828033905 73.02157898298367 41.339268372858704 74.26414276120907 50.90845286289235 145.61076493719577 
71.19830197080506 142.6453274239635 161.05053094426177 120.42114184506423 40.72953409381369 76.57896536822936 0.0 93.84414569747287 89.49413636749472 94.08969551808383 49.84207782813576 67.53269053010271 159.8693031088004 120.90612568618795 97.97726812796229 154.78810254651225 75.26247871540339 73.28742251589162 68.84580250899629 115.6252365580168 131.22685642524243 132.96202030598036 164.74042736866502 151.67448273922994 138.18080574530603 161.99858679118176 105.63447080320466 105.06110386420764 102.57062834401069 46.15935068222812 106.08545012965908 132.68390637110593 76.30178660342254 98.324876100732 97.80273010343114 70.74838619537874 130.50489470777524 160.70285793254087 70.06936272338967 152.9725152181058 90.84032909401151 147.90498402248411 16.443612001704892 34.600448054419026 89.5494949640495 147.7159711717547 115.96819943285973 80.44486617815687 108.88454173190603 191.51995924129824 
117.48766706645169 162.84733857289618 183.84615073938517 150.09518840859616 61.33573647709081 71.91442670491833 93.84414569747287 0.0 44.58875494847765 144.37393171617512 77.49403341181197 160.59974669273373 112.33002322623099 98.92934808477014 164.61327655795128 195.65054871410968 31.220245437014785 164.31780113802952 42.13747198193999 84.13350884859345 117.89652928217221 155.87556491414688 159.6309130002296 176.31918749248362 139.67086236606477 168.67662715205586 77.08976976889763 183.95148569394362 101.30563035506967 124.18421386462018 188.0131407444566 177.69934491566414 168.7886944003421 187.7874821835295 144.73475592091083 23.420778680148505 92.97855162183308 158.45733213321296 134.2478495197942 152.28057397520692 56.32116057585998 151.15698976987966 78.5729829433478 60.07899554102304 133.58897422910297 125.45030421493874 76.33755363219784 17.824124744832574 121.91202901645792 216.1196515673235 
137.85656561972775 195.12969937586556 216.0734605679181 178.81486239540794 48.77025880785207 103.48553826861267 89.49413636749472 44.58875494847765 0.0 165.30340389876113 97.47782577364978 155.41067820432224 156.59715055661354 138.82612670646512 179.40524769677654 222.23777502096212 21.060517305712864 162.49765079672918 21.248107614168383 125.11302540245038 156.92288700896188 187.03947083973685 198.43233157645395 207.73986809783392 176.1603098028208 204.92928162370714 116.80275521875318 192.48887908170494 136.04530710382366 131.28662327598838 194.54776896989335 202.18216563234378 164.66057995089164 187.7316682882141 166.9917834676573 39.55882615817171 135.58467643499057 196.57043371334112 148.69906375930887 189.81799969117404 94.88341621789081 187.6753031395225 73.25618994353798 57.58013448033645 156.2167195829622 166.65400555832358 118.42910784709727 31.196327841023617 154.14979648207685 248.62236207527485 
27.512408524617825 58.32856788382 71.87364568996036 34.91321059770549 123.88363805430738 76.13989175219983 94.08969551808383 144.37393171617512 165.30340389876113 0.0 68.4170673603013 93.25188555555151 133.99382368861686 89.72175751256624 29.990035256467653 60.70950659248074 145.15276983668065 83.64169114888622 144.83537792151904 97.86572307942365 84.4099180169017 49.10814927838328 95.8680470336386 62.63927408135834 72.55157455151013 83.77824985784225 93.4027016288755 60.4987787223545 65.2942045549476 53.50294423942205 69.01553859637858 38.71746081026536 92.83411202574752 89.0577368081698 5.3741799839416355 129.92598691320728 108.57160467934933 90.42277799467483 27.010199330185255 83.67937312427644 99.29718449305167 76.69004181010817 103.34542406096155 111.01268756702063 11.956081780946167 101.4904877963015 105.7835536948853 141.55764420669743 49.315306723928245 99.41369865253114 
40.937541162661425 101.81322078703178 122.05968022606277 82.78396995221566 61.168282423559596 27.770791995651205 49.84207782813576 77.49403341181197 97.47782577364978 68.4170673603013 0.0 98.36322742805494 111.61032524289479 71.14711445573661 87.12307250017948 124.89376964736181 76.97864335198375 97.57822497832694 77.63664301036212 67.01846403019407 81.67860959254575 92.80510067273576 117.19021003610497 113.14382667367889 91.1380616321264 117.22309890382597 57.38292268317699 107.85851205793345 53.31336731943893 52.07955199902803 112.85492901515029 104.70799551333693 104.34521207042178 117.61704520030429 69.70124069273018 61.537799755749624 81.92207114701559 113.62452988133923 56.928221927622474 105.98957447240502 47.26665979795734 101.68017810105093 48.39386535143384 47.53088294664504 58.803743123631634 97.91619938022649 68.89102100495019 73.20621391173057 63.34303848094985 154.23256517240702 
88.20317147840437 151.58013013400912 163.90750207124705 128.05431282337992 107.10344839693136 124.86552061498227 67.53269053010271 160.59974669273373 155.41067820432224 93.25188555555151 98.36322742805494 0.0 206.1991957257473 161.92260130460798 75.65374306329004 143.43163510038065 142.6150215818442 13.343450389800127 135.50733768779807 162.36355558278842 165.1853391501356 142.28977876138177 186.92784062500368 155.0068067592404 161.50403707820598 176.73702800134046 153.67787166673432 61.241248382137755 138.05563026466905 49.73281197223774 56.703657168175 122.70215647832195 9.620315789036004 35.98400686225797 98.60503993238072 137.88579736152462 176.74409498040492 181.74759694235007 68.29943488668093 174.48335481436953 145.60599277603305 167.85057948006326 83.83366596484716 102.12676905733015 97.33034438393184 183.1832936201917 166.0311843268929 147.9032210206652 133.11598992505213 187.79715713990484 
121.87302580454832 106.67772673948816 121.93069761198672 112.1789827503626 152.48956939530052 83.86547257900543 159.8693031088004 112.33002322623099 156.59715055661354 133.99382368861686 111.61032524289479 206.1991957257473 0.0 45.2684643766678 163.9119451364642 151.14289009678768 139.4742640862027 202.28007550952034 148.39539755205726 44.59908406239261 51.41230424312107 106.56640863554091 75.01348198419022 119.44477528713199 74.07167914024272 93.89897404928897 54.33252954309335 193.82182400257705 70.37318467738926 156.60405416924087 201.78065655166574 144.7276781642577 210.39896747604064 216.71379281278172 130.27442959374386 122.192161029115 29.739160546801575 77.67539717718061 145.5990761417041 76.35554738272005 71.09035485532563 80.6373587664655 153.20659617350245 142.0939093547833 123.06710428054458 39.2952484825296 44.31896693628892 126.29447845477532 85.1584465117494 146.895297518043 
76.62223611762076 74.09668372534301 93.34372625838607 72.49850161133355 121.94345651101361 44.94668793793393 120.90612568618795 98.92934808477014 138.82612670646512 89.72175751256624 71.14711445573661 161.92260130460798 45.2684643766678 0.0 119.41423934988723 116.07751137675734 118.85363306850739 157.45175902188316 125.43025328215263 15.645754475651946 19.3349488736236 70.73936473380967 60.78393737620864 88.0826818057332 44.096877965303825 72.03680265531523 22.052765127968467 148.94748508467254 25.130123868806574 112.19609875447078 156.7617763049307 105.52996933815267 165.7258199442889 171.45982447087675 86.3884157760611 100.03029306548203 19.297120715338306 59.995571871779134 100.33099596568316 54.474479996671164 43.95046933659289 54.81310193406162 117.12517335408957 109.68783571393504 78.43439217793616 28.75545338971019 25.37028382672386 107.72366369008836 42.477660121033274 123.49033097983232 
49.08868553741144 82.06173208375955 90.5822300023396 60.84875998497943 133.96589842878555 101.12913610411368 97.97726812796229 164.61327655795128 179.40524769677654 29.990035256467653 87.12307250017948 75.65374306329004 163.9119451364642 119.41423934988723 0.0 67.78118519686963 160.49970600620017 63.73877289248834 158.2778357032146 126.78852570174361 114.37090494016199 74.06708048172163 123.01430709585885 82.32786794406299 101.27555527144847 108.58494611832919 121.57967161126798 30.82153996777593 94.6938401687604 51.934755044194986 39.662804727328016 47.341763579883754 72.5886462735174 62.72870082682522 34.2291763050426 147.41958877688185 138.07040304781188 117.44153355260407 30.84443395769418 111.2225801439194 124.90936177239966 104.10597180272693 110.74990360038245 122.4534484012843 40.98436214613978 131.33272778276785 134.22789382954633 159.14786348496477 79.29424416253164 112.35188420200826 
86.08595715861651 44.55550405273482 35.56294969258245 46.08911244423333 183.48499963625179 123.81113754049865 154.78810254651225 195.65054871410968 222.23777502096212 60.70950659248074 124.89376964736181 143.43163510038065 151.14289009678768 116.07751137675734 67.78118519686963 0.0 201.4963825912556 131.35541424755655 202.52307671122108 129.64689867980897 101.29045092407506 45.4421991165836 85.18044629147722 33.229666553894035 77.07134812736264 64.82352694616921 129.64825329847415 90.10342511600281 99.0615791067626 112.61413765584399 98.8443505053911 22.254350350915157 140.04243527015058 126.36114346475021 57.3180495755175 184.77575951715505 134.60937399549712 80.11561894118317 86.00935405719152 77.7141277586949 143.31155542797924 71.82499879204194 163.8090598931855 170.27478984496364 67.01250963055699 112.09384218048419 139.37952995772451 195.99386928272105 76.78489136330396 45.584629418489605 
117.64974790901098 174.0693824959488 195.01334720792335 157.84747262637327 36.288658760619235 82.48190845668519 75.26247871540339 31.220245437014785 21.060517305712864 145.15276983668065 76.97864335198375 142.6150215818442 139.4742640862027 118.85363306850739 160.49970600620017 201.4963825912556 0.0 148.457079808946 11.079970128734727 105.61971317211933 136.62675219308036 165.98624982011748 177.97037674739065 186.68765217662633 155.35979250183252 184.0603748421922 96.93438403544117 175.25367969275138 115.15169879089763 113.95657371146388 177.91296296739648 181.6442203419271 151.5250519157554 173.23618753579422 146.65025895204352 18.88167913981659 116.83969444292234 175.97594017633023 129.67422067363967 169.13854288400452 74.94957005591196 166.85892860938446 58.84143618339068 41.15252743819308 135.78215794023 147.01093347981146 99.52494497949263 13.778505848280135 133.09764111388975 227.56250580623632 
81.95055431977613 141.79634241434684 153.15365795183038 118.55328487986583 113.79230691157375 122.89036736561711 73.28742251589162 164.31780113802952 162.49765079672918 83.64169114888622 97.57822497832694 13.343450389800127 202.28007550952034 157.45175902188316 63.73877289248834 131.35541424755655 148.457079808946 0.0 142.0798165477131 159.13743446088841 159.25137446873097 132.72658796953112 178.61735109609484 144.4255906903068 153.74818737565187 167.41767488519542 150.91798363072675 47.90214017832854 133.00442434045334 46.28028968747873 43.471199050199324 111.03877771170457 9.193395784029198 25.511357547229657 89.01538558666154 142.16634518981013 173.1702405775032 173.32035777213866 60.27879025840777 166.22828373913762 144.69395344066524 159.44416036067497 89.7270413171526 107.44181699622233 88.91241569953513 177.2553713805767 163.53342411872856 152.6748365447564 126.13583081174899 176.0888165235511 
117.49225979049665 177.17014526236642 197.9619152660906 159.86227386506985 28.404016132536658 86.71779128780595 68.84580250899629 42.13747198193999 21.248107614168383 144.83537792151904 77.63664301036212 135.50733768779807 148.39539755205726 125.43025328215263 158.2778357032146 202.52307671122108 11.079970128734727 142.0798165477131 0.0 112.85900884018571 142.628530177897 168.75796381840163 183.5515248961378 189.4036207344795 160.15999802293473 188.56241549958096 103.77352398801499 171.27083008700453 119.75980788170187 110.04794135027772 173.41037387495874 182.1241683835518 144.61837507083717 167.17051888011608 146.72036993014984 26.258015580582548 124.74300898161806 181.27795845865543 127.62322058393244 174.24928286357056 81.8842632234801 171.57975704854704 52.46993952474956 36.340052294870254 136.07954566844884 153.9067501910448 107.38168009630034 24.42353909229074 136.56425050983836 230.45105097792057 
80.92641248346786 88.75430179808608 108.42772386434915 84.91299566276768 111.9557342848826 39.29943992279027 115.6252365580168 84.13350884859345 125.11302540245038 97.86572307942365 67.01846403019407 162.36355558278842 44.59908406239261 15.645754475651946 126.78852570174361 129.64689867980897 105.61971317211933 159.13743446088841 112.85900884018571 0.0 34.94499750588969 84.67613740840754 76.07748596490188 102.79407841986537 59.583179029065015 87.67770552680541 10.150857747878797 155.25998783906033 32.99046730911121 113.06127440508584 162.59585701538177 117.64315920499499 166.98917669532563 175.067855020249 95.16661642539135 86.98440128434011 14.918221360429142 75.50903682868613 104.74607609863526 70.1042541037535 31.031970553091032 70.42063937162136 109.89640606785744 100.44154619063403 86.10722692652409 41.563764534821395 9.950384155804903 93.91928945620334 53.94108197124385 138.92194363925748 
77.30452188888341 57.68209028205922 75.73800669879718 60.77337466727457 136.87796140716412 58.44900986432617 131.22685642524243 117.89652928217221 156.92288700896188 84.4099180169017 81.67860959254575 165.1853391501356 51.41230424312107 19.3349488736236 114.37090494016199 101.29045092407506 136.62675219308036 159.25137446873097 142.628530177897 34.94499750588969 0.0 56.00706243357027 41.75507442284522 71.35418168976781 25.869241949598614 52.88641955594294 40.806767964019585 144.86172860816131 28.797754604122197 115.83147127630039 153.2178982414457 93.44484469719293 167.94082154359066 170.66320502793005 80.24588085577037 117.74674957068648 34.36000267793175 40.70405622611331 99.85652436579743 35.163020414998655 62.221080159310716 35.906857819826236 129.48181513554402 124.07369012290029 74.32217435894384 18.012192864630123 44.493067091102425 125.9810861558192 35.11123081139051 104.96246246160032 
62.28129083586239 9.79644486893136 29.28188949909779 14.239911259252178 153.91774445863706 84.49490986273334 132.96202030598036 155.87556491414688 187.03947083973685 49.10814927838328 92.80510067273576 142.28977876138177 106.56640863554091 70.73936473380967 74.06708048172163 45.4421991165836 165.98624982011748 132.72658796953112 168.75796381840163 84.67613740840754 56.00706243357027 0.0 49.533376998499655 20.703504739498058 33.10019055379272 34.81325609399731 85.51685941852357 104.15119546617072 55.704072971599125 99.52177408137042 113.26345208510517 39.270235610717556 141.91997944106663 136.4614116448997 43.73584015118873 148.0889529244685 89.17044796630394 43.91572330180128 74.73585418202926 38.56695220969719 101.21271197496831 31.527861245615036 138.07852206481644 140.28990533159163 46.33445912284101 68.12106712382634 94.51956461691641 158.64326976640763 34.00963496035641 61.69470937158415 
100.45676423646758 43.71126555966874 51.06788521581041 62.165576917046025 175.74183270496303 97.685652361649 164.74042736866502 159.6309130002296 198.43233157645395 95.8680470336386 117.19021003610497 186.92784062500368 75.01348198419022 60.78393737620864 123.01430709585885 85.18044629147722 177.97037674739065 178.61735109609484 183.5515248961378 76.07748596490188 41.75507442284522 49.533376998499655 0.0 52.00907807283871 26.665120539451323 20.83079145473952 82.54838434206549 153.4328046517029 64.96015673201366 140.31844554560655 162.49404222975846 87.00886819174123 187.7455756039456 184.739286012522 90.62345048017535 159.09536659206853 71.6787885158117 5.61771656194031 118.66171657964483 12.457338721147712 103.92705102351172 19.200216358686706 165.57092526966483 162.51133091918368 89.73267781558734 38.47972894501378 85.09863274035028 167.59823851410516 56.38376760819126 72.1133995058702 
80.50297035834471 14.046788282787768 9.420369603502975 31.27740557038618 174.14154663004524 105.12721706371448 151.67448273922994 176.31918749248362 207.73986809783392 62.63927408135834 113.14382667367889 155.0068067592404 119.44477528713199 88.0826818057332 82.32786794406299 33.229666553894035 186.68765217662633 144.4255906903068 189.4036207344795 102.79407841986537 71.35418168976781 20.703504739498058 52.00907807283871 0.0 45.88751874080929 31.972391861726148 104.60265614827959 110.32229480883306 75.5829257300838 115.51260981009763 119.48514391955722 38.220619665103904 153.554256395787 144.86642632478106 57.54173619864884 168.78754137026164 105.55972107463506 46.894018955200515 89.52322754959258 44.653316624923825 121.26001411107887 39.116098166366314 157.63018686820072 160.53337446828147 62.93058345243976 80.16389360301886 112.73415546172929 179.317291764944 54.41651965925238 41.11077443689334 
74.23683757477147 32.65923354226653 49.88394237688472 41.87454006287316 150.59110384709768 73.51316518224533 138.18080574530603 139.67086236606477 176.1603098028208 72.55157455151013 91.1380616321264 161.50403707820598 74.07167914024272 44.096877965303825 101.27555527144847 77.07134812736264 155.35979250183252 153.74818737565187 160.15999802293473 59.583179029065015 25.869241949598614 33.10019055379272 26.665120539451323 45.88751874080929 0.0 29.012484010257378 63.58708964672256 132.07573786593804 40.41565831312132 114.1657596563725 140.9272316470229 72.24312532015402 162.80102391320094 161.52384451033674 67.56719926837046 136.60833668445937 60.22431454935069 22.555993953539915 93.50369019270273 14.863538717984417 83.34973779661115 11.537856724066657 139.42379386301607 137.19801183398255 65.00721932795918 35.15189702225322 69.4377857569897 145.86282414560037 29.740940538250513 79.39656073921954 
93.6354646468401 26.60565304997282 30.2567518562852 48.879343624220546 177.71507615327934 101.84818081379582 161.99858679118176 168.67662715205586 204.92928162370714 83.77824985784225 117.22309890382597 176.73702800134046 93.89897404928897 72.03680265531523 108.58494611832919 64.82352694616921 184.0603748421922 167.41767488519542 188.56241549958096 87.67770552680541 52.88641955594294 34.81325609399731 20.83079145473952 31.972391861726148 29.012484010257378 0.0 92.35897890918841 138.2495685639061 68.91332030016203 132.52514409148873 147.4085754982007 68.78627242156095 176.60923055639591 171.15307536181487 78.4057615409287 165.37073072752008 86.23055462899259 16.578576052926763 108.75102036469468 18.241785491802307 112.35649883220383 17.528261556835115 164.89346189060353 164.1801429297724 79.84197812164588 55.45630632295745 97.34946638901293 174.7695424205862 53.89864621159685 53.31751578015548 
74.40661530778142 90.59226886392972 110.91358531032212 84.05051651246154 102.00251550361924 29.612737994394777 105.63447080320466 77.08976976889763 116.80275521875318 93.4027016288755 57.38292268317699 153.67787166673432 54.33252954309335 22.052765127968467 121.57967161126798 129.64825329847415 96.93438403544117 150.91798363072675 103.77352398801499 10.150857747878797 40.806767964019585 85.51685941852357 82.54838434206549 104.60265614827959 63.58708964672256 92.35897890918841 0.0 149.27086843400278 30.785860723107508 104.69299180219376 156.31072694308307 116.14543253670489 158.58895838546098 167.62342420047833 91.17033869159243 78.157694932497 24.886099386163675 81.4132988086934 98.02106735562454 75.42364910039215 21.985044334773722 74.86649750296262 99.75165711135145 90.37134152410187 81.48540716359152 50.1426965762795 12.891901971379808 85.68144789740883 52.94430911650752 142.20609272454885 
74.99740833828587 111.64391585095083 117.87794574450646 91.33296021843839 144.63984799842203 126.25964084827147 105.06110386420764 183.95148569394362 192.48887908170494 60.4987787223545 107.85851205793345 61.241248382137755 193.82182400257705 148.94748508467254 30.82153996777593 90.10342511600281 175.25367969275138 47.90214017832854 171.27083008700453 155.25998783906033 144.86172860816131 104.15119546617072 153.4328046517029 110.32229480883306 132.07573786593804 138.2495685639061 149.27086843400278 0.0 123.95266447268116 61.31048292515413 9.177965512116941 72.96350524866511 54.841049569021514 36.39681677732152 64.9699430048054 164.56145761851585 167.23786460395777 147.8373933740494 52.2031001365298 141.78491248916032 150.06679838023018 134.65482922848028 120.16835494450652 134.9417376868166 70.8090596108219 161.98731202864155 162.0983423940266 176.07493965039407 109.75058696514157 135.68805387344312 
51.647693742521426 61.82247079972939 82.70184258315665 53.294595631980435 110.78170731767236 33.1006745959382 102.57062834401069 101.30563035506967 136.04530710382366 65.2942045549476 53.31336731943893 138.05563026466905 70.37318467738926 25.130123868806574 94.6938401687604 99.0615791067626 115.15169879089763 133.00442434045334 119.75980788170187 32.99046730911121 28.797754604122197 55.704072971599125 64.96015673201366 75.5829257300838 40.41565831312132 68.91332030016203 30.785860723107508 123.95266447268116 0.0 88.38301882133673 131.69133056219826 85.40169880772642 141.43653250151962 146.43479423231742 62.3451646327563 96.49309009447335 43.37908347293287 62.04157391546634 75.26328298028844 54.7427882395971 45.691145660173596 51.82063498927409 101.51884373636607 97.57026953683658 53.74301645572391 46.12025672569908 41.79528900052075 106.10305477732715 22.277082312843408 114.84012016281713 
39.931335633428795 109.25418695839079 124.87325787555424 85.58037875023601 83.92025072334683 76.6423493468042 46.15935068222812 124.18421386462018 131.28662327598838 53.50294423942205 52.07955199902803 49.73281197223774 156.60405416924087 112.19609875447078 51.934755044194986 112.61413765584399 113.95657371146388 46.28028968747873 110.04794135027772 113.06127440508584 115.83147127630039 99.52177408137042 140.31844554560655 115.51260981009763 114.1657596563725 132.52514409148873 104.69299180219376 61.31048292515413 88.38301882133673 0.0 64.21824411326132 90.3764429221229 53.929514837928814 65.57578104197515 58.2344512501088 103.82416451225771 127.26870431414855 135.4112141370302 26.7289536564464 127.88845846721753 98.76736329240696 121.62661271907149 59.83922556329897 73.70800461916913 53.19418019295944 133.78580308064048 117.27142739581507 115.1892606540371 84.94758293760327 152.90627089516357 
81.90515705908639 120.80321886758782 127.00529097364225 100.36310584404045 146.26200767290035 132.48363997563237 106.08545012965908 188.0131407444566 194.54776896989335 69.01553859637858 112.85492901515029 56.703657168175 201.78065655166574 156.7617763049307 39.662804727328016 98.8443505053911 177.91296296739648 43.471199050199324 173.41037387495874 162.59585701538177 153.2178982414457 113.26345208510517 162.49404222975846 119.48514391955722 140.9272316470229 147.4085754982007 156.31072694308307 9.177965512116941 131.69133056219826 64.21824411326132 0.0 82.05020937607583 49.37040258238953 28.307280516530124 73.62578475297492 168.01991797173318 174.85447462939425 156.90352940544642 58.53857700496848 150.80059861246613 156.18964149808056 143.67448307172126 121.66584389408686 137.19471092545876 78.9791546528785 170.46842637984875 169.17694210747473 179.40651962229177 118.11926340737475 144.41545599371057 
64.90699102549907 43.30155600937646 45.07230398542322 33.052763953586414 162.20901416243152 106.47212805628476 132.68390637110593 177.69934491566414 202.18216563234378 38.71746081026536 104.70799551333693 122.70215647832195 144.7276781642577 105.52996933815267 47.341763579883754 22.254350350915157 181.6442203419271 111.03877771170457 182.1241683835518 117.64315920499499 93.44484469719293 39.270235610717556 87.00886819174123 38.220619665103904 72.24312532015402 68.78627242156095 116.14543253670489 72.96350524866511 85.40169880772642 90.3764429221229 82.05020937607583 0.0 119.92532133199619 108.41796065332943 35.733906074474895 165.45749038499022 124.69439270285963 81.48236061890648 63.756090941981086 77.12786536926487 127.46520194523102 70.30911368125841 142.03669085447677 149.14783788291103 46.054872163333954 106.97480499759276 126.97345479948999 176.8680587950792 63.70221465151937 65.09636813288309 
90.64550362449613 150.9868225450324 162.25439939435148 127.74606958769671 116.22101463970117 130.21866992189112 76.30178660342254 168.7886944003421 164.66057995089164 92.83411202574752 104.34521207042178 9.620315789036004 210.39896747604064 165.7258199442889 72.5886462735174 140.04243527015058 151.5250519157554 9.193395784029198 144.61837507083717 166.98917669532563 167.94082154359066 141.91997944106663 187.7455756039456 153.554256395787 162.80102391320094 176.60923055639591 158.58895838546098 54.841049569021514 141.43653250151962 53.929514837928814 49.37040258238953 119.92532133199619 0.0 26.66945059704197 98.20790471332143 146.26875552760086 181.15579332493425 182.45950557796658 69.30246260596215 175.34847022039807 151.59114745891253 168.57900199355328 92.68838961549702 110.82848834615699 98.0244132857239 185.9515383217598 171.11321969724816 156.47057269050075 135.0418332322784 184.92435043513288 
94.84078443274224 144.7089419855537 152.86055658053672 122.83573853975695 138.97691199973613 141.0544011827343 98.324876100732 187.7874821835295 187.7316682882141 89.0577368081698 117.61704520030429 35.98400686225797 216.71379281278172 171.45982447087675 62.72870082682522 126.36114346475021 173.23618753579422 25.511357547229657 167.17051888011608 175.067855020249 170.66320502793005 136.4614116448997 184.739286012522 144.86642632478106 161.52384451033674 171.15307536181487 167.62342420047833 36.39681677732152 146.43479423231742 65.57578104197515 28.307280516530124 108.41796065332943 26.66945059704197 0.0 94.19963979145267 166.10770659263338 188.41799046798334 179.23452867210707 71.19551726454911 172.65642849770242 163.87465641852657 165.61881113858794 114.72108311221157 132.1106595840647 97.04921289252907 188.43944932633863 180.4615757973972 176.8787160869534 136.12591489183427 171.93069534116202 
29.264845800338627 52.976644405112324 66.82375178749184 29.53904905395332 126.47549477761974 75.42540714566981 97.80273010343114 144.73475592091083 166.9917834676573 5.3741799839416355 69.70124069273018 98.60503993238072 130.27442959374386 86.3884157760611 34.2291763050426 57.3180495755175 146.65025895204352 89.01538558666154 146.72036993014984 95.16661642539135 80.24588085577037 43.73584015118873 90.62345048017535 57.54173619864884 67.56719926837046 78.4057615409287 91.17033869159243 64.9699430048054 62.3451646327563 58.2344512501088 73.62578475297492 35.733906074474895 98.20790471332143 94.19963979145267 0.0 131.012295271594 105.40200872513194 85.16129175910936 31.984876637733635 78.47314774326186 98.1886144289173 71.46087834439436 106.49103652621649 113.43413727435843 11.145785516394112 97.10938501750196 103.35899712114511 142.57487539263147 45.265475592632335 94.84968032213091 
102.47186552075752 155.9707507798409 176.96863562912986 140.4708218969731 38.52383080527444 64.06441461394121 70.74838619537874 23.420778680148505 39.55882615817171 129.92598691320728 61.537799755749624 137.88579736152462 122.192161029115 100.03029306548203 147.41958877688185 184.77575951715505 18.88167913981659 142.16634518981013 26.258015580582548 86.98440128434011 117.74674957068648 148.0889529244685 159.09536659206853 168.78754137026164 136.60833668445937 165.37073072752008 78.157694932497 164.56145761851585 96.49309009447335 103.82416451225771 168.01991797173318 165.45749038499022 146.26875552760086 166.10770659263338 131.012295271594 0.0 98.57592299712664 157.12601643368845 116.63859251805822 150.31783733866246 56.178067270450775 148.1203296376542 55.242422023331045 36.69522663481053 119.98350373362797 128.2754290139647 81.22007764074351 11.735746838479749 114.8840123397194 209.5156491620286 
93.77681556451128 91.74677111082715 110.09796439973184 91.6439036543659 125.64282066303306 54.21629124708034 130.50489470777524 92.97855162183308 135.58467643499057 108.57160467934933 81.92207114701559 176.74409498040492 29.739160546801575 19.297120715338306 138.07040304781188 134.60937399549712 116.83969444292234 173.1702405775032 124.74300898161806 14.918221360429142 34.36000267793175 89.17044796630394 71.6787885158117 105.55972107463506 60.22431454935069 86.23055462899259 24.886099386163675 167.23786460395777 43.37908347293287 127.26870431414855 174.85447462939425 124.69439270285963 181.15579332493425 188.41799046798334 105.40200872513194 98.57592299712664 0.0 72.20674782506713 117.62857880342693 68.04718882541364 43.933903518729274 69.86971176137148 124.51672375736644 114.49657007859184 97.10632456157143 33.95342038161238 17.361442733221782 104.48876745017792 61.774349007289736 138.9955189419018 
95.61772307934943 38.18106992619457 46.4895372701341 56.5944785187053 172.7132540840292 95.01301666876081 160.70285793254087 158.45733213321296 196.57043371334112 90.42277799467483 113.62452988133923 181.74759694235007 77.67539717718061 59.995571871779134 117.44153355260407 80.11561894118317 175.97594017633023 173.32035777213866 181.27795845865543 75.50903682868613 40.70405622611331 43.91572330180128 5.61771656194031 46.894018955200515 22.555993953539915 16.578576052926763 81.4132988086934 147.8373933740494 62.04157391546634 135.4112141370302 156.90352940544642 81.48236061890648 182.45950557796658 179.23452867210707 85.16129175910936 157.12601643368845 72.20674782506713 0.0 113.45753725808797 7.735143492063579 102.4497598980575 13.897245512102005 161.9459728710717 159.3951083479919 84.48121394502466 39.92788532752419 84.80110734885682 165.88873625893737 52.00713751338212 69.22781737632897 
23.856960671473963 84.29196801102458 98.80797144185102 60.54397140450307 103.92133932601988 74.07221822949711 70.06936272338967 134.2478495197942 148.69906375930887 27.010199330185255 56.928221927622474 68.29943488668093 145.5990761417041 100.33099596568316 30.84443395769418 86.00935405719152 129.67422067363967 60.27879025840777 127.62322058393244 104.74607609863526 99.85652436579743 74.73585418202926 118.66171657964483 89.52322754959258 93.50369019270273 108.75102036469468 98.02106735562454 52.2031001365298 75.26328298028844 26.7289536564464 58.53857700496848 63.756090941981086 69.30246260596215 71.19551726454911 31.984876637733635 116.63859251805822 117.62857880342693 113.45753725808797 0.0 106.22795060066912 97.86608025615746 99.56033641015861 81.41425301260992 92.03150198107025 29.046369528327208 117.77064538339941 110.91018253748042 128.3598378090034 66.01931301966124 126.27680258557234 
88.0485179710551 34.1650071702304 45.80434906457248 50.456278260919646 165.26803191775167 87.79922886676692 152.9725152181058 152.28057397520692 189.81799969117404 83.67937312427644 105.98957447240502 174.48335481436953 76.35554738272005 54.474479996671164 111.2225801439194 77.7141277586949 169.13854288400452 166.22828373913762 174.24928286357056 70.1042541037535 35.163020414998655 38.56695220969719 12.457338721147712 44.653316624923825 14.863538717984417 18.241785491802307 75.42364910039215 141.78491248916032 54.7427882395971 127.88845846721753 150.80059861246613 77.12786536926487 175.34847022039807 172.65642849770242 78.47314774326186 150.31783733866246 68.04718882541364 7.735143492063579 106.22795060066912 0.0 96.09366493671384 7.13592346665098 154.28588121460024 151.9141590433923 77.32570704671075 37.4673334739586 79.63122153941481 159.26745098824895 44.27779990505393 71.47390003709805 
75.88859679635891 107.51233919390464 128.36098856911315 97.22517804055963 81.78787933397545 23.855751722705605 90.84032909401151 56.32116057585998 94.88341621789081 99.29718449305167 47.26665979795734 145.60599277603305 71.09035485532563 43.95046933659289 124.90936177239966 143.31155542797924 74.94957005591196 144.69395344066524 81.8842632234801 31.031970553091032 62.221080159310716 101.21271197496831 103.92705102351172 121.26001411107887 83.34973779661115 112.35649883220383 21.985044334773722 150.06679838023018 45.691145660173596 98.76736329240696 156.18964149808056 127.46520194523102 151.59114745891253 163.87465641852657 98.1886144289173 56.178067270450775 43.933903518729274 102.4497598980575 97.86608025615746 96.09366493671384 0.0 94.8389844446567 82.58976566585136 71.02300149401687 87.48388236815487 72.10091766683773 27.009945890078274 63.819450284403 67.30146674372547 160.3689388337089 
81.9024944530005 27.700327019282437 41.3696628697993 43.32383006018778 161.58174266569765 84.88871289468088 147.90498402248411 151.15698976987966 187.6753031395225 76.69004181010817 101.68017810105093 167.85057948006326 80.6373587664655 54.81310193406162 104.10597180272693 71.82499879204194 166.85892860938446 159.44416036067497 171.57975704854704 70.42063937162136 35.906857819826236 31.527861245615036 19.200216358686706 39.116098166366314 11.537856724066657 17.528261556835115 74.86649750296262 134.65482922848028 51.82063498927409 121.62661271907149 143.67448307172126 70.30911368125841 168.57900199355328 165.61881113858794 71.46087834439436 148.1203296376542 69.86971176137148 13.897245512102005 99.56033641015861 7.13592346665098 94.8389844446567 0.0 149.79096599313766 148.13051585521146 70.5883550926337 41.37177056303674 80.17725000135962 157.39882977991263 39.021015617732914 69.13447698931046 
