euclidean
25
26.8189270534 63.8374925227
-82.6591095178 -24.2735250889
61.8690744445 -38.4013283636
46.9803061881 62.2302898045
71.2366239257 32.213316045
99.7381474888 -69.0562480488
-76.3332708864 46.8164552668
-35.8733608638 32.6672135567
98.4253816284 -15.5886645161
-46.5192200058 48.4384581597
-32.4018602112 -91.1859243203
-66.2023540479 40.0599097166
79.7489660422 48.2443232957
49.8000067182 -47.3539232068
-18.4739663654 -62.4112491353
-28.1691498218 -34.8099938706
-62.1618159078 -30.6870540222
-80.7485793238 83.5910133063
38.2872448651 11.1128423026
-46.7835091211 -68.3172301669
25.1107202948 26.7073154752
-31.2638324419 -92.9507537572
63.720981828 6.54124058863
99.860293876 39.3709358192
81.1222012077 77.6865706119
0.0 140.53110657804936 108.08001354721281 20.225338296050275 54.52540997854793 151.5848244119439 104.54707862534273 70.0136362083862 106.93922927884518 74.9374010317396 165.94987620942547 96.01214601200519 55.1791260703822 113.54145038045034 134.12751755135986 112.93810326966002 129.8170347737694 109.36621970041058 53.957493031641704 151.26859998035445 37.16945006200427 167.2009602906594 68.15146463781478 77.0302126716127 56.04143598977794 
140.53110657804936 0.0 145.21704715635502 155.85021044479717 163.93492609386666 187.81440743253205 71.37087320031674 73.69636351016213 181.29263563870464 81.19805491442021 83.68428931862677 66.40493682308755 177.86292851919896 134.45490787360876 74.66068977001183 55.4993052394106 21.47725305324121 107.88145702038508 126.01672760263979 56.80586818996469 119.21989063262558 85.77899651577974 149.58837162748767 193.29756858146834 192.92531938106347 
108.08001354721281 145.21704715635502 0.0 101.72707601877704 71.23327163791808 48.72156395416863 162.36366250448037 120.84834012383541 43.090384388365024 138.88545963221424 108.04268920740854 150.19472919237373 88.47123529719978 15.027020669737185 83.85392359362763 90.10981917900011 124.27055882307053 187.67505586114964 54.843010339332835 112.69580780226606 74.76838972670843 107.9322850489384 44.980707697686604 86.55551877270366 117.67362992064369 
20.225338296050275 155.85021044479717 101.72707601877704 0.0 38.592585607401375 141.49044080864908 124.27318530591135 87.96991315891938 93.28657694767081 94.51124810624505 172.7369766397292 115.33360451896974 35.62853249596797 109.62048372631509 140.78272274963732 122.73653650940301 143.3374884648407 129.5026976654501 51.85135248258983 160.73054480107308 41.71523093964649 173.79097074028203 58.15084198400631 57.609401684934 37.47753476319387 
54.52540997854793 163.93492609386666 71.23327163791808 38.592585607401375 0.0 105.20390419170202 148.29067917437973 107.11094652071357 54.993253140585644 118.86838947614248 161.14685202301496 137.66278254731628 18.150844657458652 82.40433313521496 130.39094426357272 119.89008268567507 147.48423747845231 160.43431610056373 39.126609521315416 155.0327143736948 46.45336401212692 161.77882409332443 26.74958568612769 29.505016560830924 46.53537921946135 
151.5848244119439 187.81440743253205 48.72156395416863 141.49044080864908 105.20390419170202 0.0 210.77862259336538 169.52328406058967 53.48369698355173 187.60656580584427 133.98023812052713 198.60157586420354 118.99156025811197 54.45005791707435 118.39873256262962 132.41254710391073 166.38447402948444 236.38241253262242 101.01136807830416 146.52352030702434 121.40804334316364 133.16330631528314 83.73897844211363 108.42725266873533 147.91892470005754 
104.54707862534273 71.37087320031674 162.36366250448037 124.27318530591135 148.29067917437973 210.77862259336538 0.0 42.862633610298474 185.56666080931748 29.858139983928464 144.82619105546286 12.177289672256292 156.08876798715255 157.40922432044778 123.60578679265723 94.77689463531037 78.78847687531534 37.038669895046965 120.0525327089978 118.86527643492174 103.41789424436523 146.8541010665648 145.73018431600593 176.3508095346877 160.4530763613323 
70.0136362083862 73.69636351016213 120.84834012383541 87.96991315891938 107.11094652071357 169.52328406058967 42.862633610298474 0.0 142.7052276672572 19.02804438707707 123.90177996606364 31.216979099067938 116.66691402011737 117.23185677012322 96.65740011397267 67.91559754549404 68.59188063508647 67.87502200932626 77.2294397379451 101.57208873095499 61.27461578747274 125.70251176623488 102.96406926566326 135.89909830900427 125.35830269312346 
106.93922927884518 181.29263563870464 43.090384388365024 93.28657694767081 54.993253140585644 53.48369698355173 185.56666080931748 142.7052276672572 0.0 158.4563346194116 151.09835504477618 173.77875350004027 66.50908834239155 58.0814836659489 125.9278046810291 128.04544074364702 161.2954102824606 204.79237480004682 65.79943738172669 154.48599803315167 84.64035379110373 151.01054631350604 41.15978699471029 54.97832884127194 94.86658811643152 
74.9374010317396 81.19805491442021 138.88545963221424 94.51124810624505 118.86838947614248 187.60656580584427 29.858139983928464 19.02804438707707 158.4563346194116 0.0 140.3362676947025 21.39219109236066 126.26833528712322 135.84393164423864 114.34244119809478 85.24687584413326 80.65691219354592 49.06476508309455 92.65709947433884 116.75598744969814 74.85379689657924 142.20983122198675 117.93336652764269 146.6600901597113 130.94954941281608 
165.94987620942547 83.68428931862677 108.04268920740854 172.7369766397292 161.14685202301496 133.98023812052713 144.82619105546286 123.90177996606364 151.09835504477618 140.3362676947025 0.0 135.52838202994045 178.93742420066096 93.15788344680684 31.968236719903025 56.53460330906808 67.4223128527036 181.34051719096323 124.34623930402857 27.0149772839103 131.17359835702044 2.0999357477933978 137.07734868615103 185.84501912416442 203.48373906937923 
96.01214601200519 66.40493682308755 150.19472919237373 115.33360451896974 137.66278254731628 198.60157586420354 12.177289672256292 31.216979099067938 173.77875350004027 21.39219109236066 135.52838202994045 0.0 146.1806158889118 145.25056244185024 113.04130832238117 83.97634837773573 70.86225248132315 45.89716385041923 108.42513081782826 110.10311524943273 92.2841769692225 137.52285951706725 134.17739893599366 166.06407715252436 152.0535767135729 
55.1791260703822 177.86292851919896 88.47123529719978 35.62853249596797 18.150844657458652 118.99156025811197 156.08876798715255 116.66691402011737 66.50908834239155 126.26833528712322 178.93742420066096 146.1806158889118 0.0 100.17966310057278 147.960806164265 136.17760216563488 162.38482798262908 164.34369645106025 55.65807402080364 172.03796969443937 58.72972504798904 179.6103872587446 44.677101352289576 21.98186781298952 29.474254898900785 
113.54145038045034 134.45490787360876 15.027020669737185 109.62048372631509 82.40433313521496 54.45005791707435 157.40922432044778 117.23185677012322 58.0814836659489 135.84393164423864 93.15788344680684 145.25056244185024 100.17966310057278 0.0 69.91465128809996 78.97176416132561 113.1955575724995 184.9040554341252 59.589481912691646 98.83236196003725 78.06809808884105 93.00761783648304 55.66401196953955 100.1360750349291 128.90385937611185 
134.12751755135986 74.66068977001183 83.85392359362763 140.78272274963732 130.39094426357272 118.39873256262962 123.60578679265723 96.65740011397267 125.9278046810291 114.34244119809478 31.968236719903025 113.04130832238117 147.960806164265 69.91465128809996 0.0 29.254501780830573 53.991228484026 158.72866173818684 92.88502097823915 28.91903910899192 99.2055616863483 33.10954570517271 107.28679018241661 156.08526618804098 171.8918139213421 
112.93810326966002 55.4993052394106 90.10981917900011 122.73653650940301 119.89008268567507 132.41254710391073 94.77689463531037 67.91559754549404 128.04544074364702 85.24687584413326 56.53460330906808 83.97634837773573 136.17760216563488 78.97176416132561 29.254501780830573 0.0 34.24178705363229 129.55074259629276 80.77969594500692 38.330526429301976 81.38257742772367 58.22306261879111 100.76567315268994 147.96739094544054 156.84411506399167 
129.8170347737694 21.47725305324121 124.27055882307053 143.3374884648407 147.48423747845231 166.38447402948444 78.78847687531534 68.59188063508647 161.2954102824606 80.65691219354592 67.4223128527036 70.86225248132315 162.38482798262908 113.1955575724995 53.991228484026 34.24178705363229 0.0 115.7797238147686 108.79910451339863 40.651229702260245 104.453861705689 69.50865907886121 131.27233023534455 176.51993088431178 179.65286548531537 
109.36621970041058 107.88145702038508 187.67505586114964 129.5026976654501 160.43431610056373 236.38241253262242 37.038669895046965 67.87502200932626 204.79237480004682 49.06476508309455 181.34051719096323 45.89716385041923 164.34369645106025 184.9040554341252 158.72866173818684 129.55074259629276 115.7797238147686 0.0 139.36503403780648 155.65905186976516 120.17464955087415 183.34594539246473 163.7318587667988 185.94348692937544 161.97843076599048 
53.957493031641704 126.01672760263979 54.843010339332835 51.85135248258983 39.126609521315416 101.01136807830416 120.0525327089978 77.2294397379451 65.79943738172669 92.65709947433884 124.34623930402857 108.42513081782826 55.65807402080364 59.589481912691646 92.88502097823915 80.77969594500692 108.79910451339863 139.36503403780648 0.0 116.38801311265016 20.41588580691517 125.16622699219795 25.841333520739436 67.74776906799636 79.16372139981523 
151.26859998035445 56.80586818996469 112.69580780226606 160.73054480107308 155.0327143736948 146.52352030702434 118.86527643492174 101.57208873095499 154.48599803315167 116.75598744969814 27.0149772839103 110.10311524943273 172.03796969443937 98.83236196003725 28.91903910899192 38.330526429301976 40.651229702260245 155.65905186976516 116.38801311265016 0.0 119.1572259571579 29.114787457563256 133.47296791409346 181.93720359213833 194.10559130688543 
37.16945006200427 119.21989063262558 74.76838972670843 41.71523093964649 46.45336401212692 121.40804334316364 103.41789424436523 61.27461578747274 84.64035379110373 74.85379689657924 131.17359835702044 92.2841769692225 58.72972504798904 78.06809808884105 99.2055616863483 81.38257742772367 104.453861705689 120.17464955087415 20.41588580691517 119.1572259571579 0.0 132.27298941461228 43.55941771870629 75.814682158465 75.7375101805699 
167.2009602906594 85.77899651577974 107.9322850489384 173.79097074028203 161.77882409332443 133.16330631528314 146.8541010665648 125.70251176623488 151.01054631350604 142.20983122198675 2.0999357477933978 137.52285951706725 179.6103872587446 93.00761783648304 33.10954570517271 58.22306261879111 69.50865907886121 183.34594539246473 125.16622699219795 29.114787457563256 132.27298941461228 0.0 137.55279670292308 186.2862475734058 204.32258080623993 
68.15146463781478 149.58837162748767 44.980707697686604 58.15084198400631 26.74958568612769 83.73897844211363 145.73018431600593 102.96406926566326 41.15978699471029 117.93336652764269 137.07734868615103 134.17739893599366 44.677101352289576 55.66401196953955 107.28679018241661 100.76567315268994 131.27233023534455 163.7318587667988 25.841333520739436 133.47296791409346 43.55941771870629 137.55279670292308 0.0 48.82457131644023 73.24247688340068 
77.0302126716127 193.29756858146834 86.55551877270366 57.609401684934 29.505016560830924 108.42725266873533 176.3508095346877 135.89909830900427 54.97832884127194 146.6600901597113 185.84501912416442 166.06407715252436 21.98186781298952 100.1360750349291 156.08526618804098 147.96739094544054 176.51993088431178 185.94348692937544 67.74776906799636 181.93720359213833 75.814682158465 186.2862475734058 48.82457131644023 0.0 42.65212757188626 
56.04143598977794 192.92531938106347 117.67362992064369 37.47753476319387 46.53537921946135 147.91892470005754 160.4530763613323 125.35830269312346 94.86658811643152 130.94954941281608 203.48373906937923 152.0535767135729 29.474254898900785 128.90385937611185 171.8918139213421 156.84411506399167 179.65286548531537 161.97843076599048 79.16372139981523 194.10559130688543 75.7375101805699 204.32258080623993 73.24247688340068 42.65212757188626 0.0 
